# WELL TRACE FROM FRACMAN
# WELL NAME:              Well 4
# WELL HEAD X-COORDINATE: 11.6599999 (m)
# WELL HEAD Y-COORDINATE: 261.570006 (m)
# WELL DATUM (KB, Kelly bushing, from MSL): 2066.62012 (m)
# WELL TYPE:              UNDEFINED
# MD AND TVD ARE REFERENCED (=0) AT WELL DATUM AND INCREASE DOWNWARDS
# XYZ TRACE IS GIVEN IN COORDINATE SYSTEM <Undefined>
# DEPTH (Z, tvd_z) GIVEN IN m-UNITS
# MD IS NOT EXACT (TRACE WAS NOT IMPORTED WITH MD-DATA)
#======================================================================================================================================
      MD              X              Y             Z           
#======================================================================================================================================
    0.000000      11.660000     261.570006    2066.620117
    6.000000      11.660000     261.570006    2060.620117
   43.169998      11.752371     261.218658    2023.451893
   71.609999      11.824923     260.883942    1995.013954
  100.049997      13.232918     260.502717    1966.611389
  128.480000      15.990655     260.919786    1938.318527
  156.420000      18.701714     261.323989    1910.513306
  184.409998      21.141806     261.999769    1882.638062
  212.469997      24.304436     263.033476    1854.776031
  240.489994      27.407006     264.138252    1826.950256
  268.510014      30.716278     264.604518    1799.130249
  296.549988      33.704685     265.063410    1771.253754
  324.560009      36.209480     265.606339    1743.361237
  352.609985      38.124603     266.132054    1715.381653
  380.650009      39.806328     266.182848    1687.392151
  408.620014      41.604719     265.505085    1659.488251
  436.640003      42.808807     264.843952    1631.501953
  464.699989      43.497761     264.022307    1603.462463
  492.690002      43.405348     263.020430    1575.490540
  520.640026      43.295616     262.203471    1547.552673
  548.600010      43.277384     261.686548    1519.597473
  576.629999      43.271622     261.319692    1491.569885
  603.999979      43.225838     261.007762    1464.201721
  624.000029      43.156658     260.924553    1444.201965
  630.269986      43.131809     260.913108    1437.932068
  658.330027      42.980063     260.917798    1409.872437
  686.350001      42.950821     260.920238    1381.852478
  714.369975      42.927784     260.938411    1353.832520
  742.409997      42.862829     261.075514    1325.792908
  770.420025      42.708752     261.408206    1297.785278
  798.469971      42.606613     261.730186    1269.737366
  826.510005      42.416073     262.077781    1241.700134
  854.480002      42.040121     262.433300    1213.734924
  882.500002      41.982189     261.608973    1185.727112
  910.560009      41.975578     261.026263    1157.673157
  938.549990      42.075890     260.548181    1129.687439
  966.500006      42.040455     260.366229    1101.738037
  994.459994      41.879099     260.183206    1073.779114
 1022.489995      41.714157     260.044902    1045.749939
 1050.499976      41.671959     259.962156    1017.740112
 1078.540020      41.630442     259.780882     989.700684
 1106.570019      41.672285     259.539883     961.671753
 1134.619942      41.817482     259.307339     933.623169
 1162.630042      41.881693     259.071493     905.614136
 1190.619954      41.862188     258.921314     877.624634
 1218.700032      41.862188     258.921314     849.544556
 1246.680056      41.783609     258.791921     821.564941
 1274.680050      41.581104     258.975993     793.566284
 1302.690045      41.289730     259.075753     765.557983
 1330.739941      41.132063     259.262989     737.509155
 1358.730004      40.581520     259.302936     709.524536
 1386.679993      40.739761     259.987265     681.583374
 1414.710034      40.870827     260.739007     653.563721
 1442.730038      40.957872     261.531268     625.555054
 1470.769949      40.965111     262.328833     597.526489
 1498.750008      41.004284     262.692980     569.548828
 1526.710043      41.148020     262.997467     541.590820
 1554.760050      41.355473     263.264048     513.542847
 1582.800047      41.394518     263.599454     485.504883
 1610.850054      41.506720     263.918066     457.456909
 1638.879948      41.880009     264.186598     429.430786
 1666.880005      42.392346     264.461656     401.436768
 1694.890007      42.406027     264.065923     373.429565
 1722.940047      42.352738     263.608849     345.383301
 1750.969979      43.157999     263.554517     317.364990
 1779.030005      44.060127     263.737729     289.320068
 1807.039969      44.601936     263.845305     261.315552
 1835.010027      44.319801     263.101402     233.356812
 1853.659956      44.064812     262.570388     214.716187
 1862.990057      43.921600     262.372550     205.389282
 1872.310061      43.845505     262.194579     196.071289
 1875.999941      43.854035     262.058990     192.383911
 1881.679975      43.958702     261.696365     186.716431
 1891.019986      44.567276     260.690700     177.450684
 1900.369992      45.487450     259.245201     168.259033
 1909.710057      46.546825     257.361273     159.172485
 1919.059970      47.668388     255.068842     150.177612
 1928.400004      48.815624     252.346328     141.317139
 1937.750018      50.156506     249.202679     132.614136
 1947.140041      51.618488     245.794903     123.987305
 1956.470051      53.142757     242.177649     115.523193
 1965.820030      54.680851     238.318473     107.146851
 1975.170012      56.445770     234.557606      98.770508
 1984.519958      58.348496     231.307997      90.212402
 1993.830018      60.263172     228.314097      81.607300
 2003.179995      62.211838     225.543486      72.892456
 2012.520004      64.136967     223.114577      64.081665
 2021.880044      66.287552     220.564288      55.336304
 2031.220049      68.528645     218.051593      46.624268
 2040.570004      71.076103     215.341670      38.045898
 2049.919986      73.551945     212.718962      29.419556
 2059.239946      75.874996     210.006701      20.810913
 2068.589997      78.252964     207.195742      12.216309
 2077.940040      80.706501     204.229922       3.695313
 2087.250067      83.331356     201.289023      -4.739014
 2096.589997      86.224316     198.431193     -13.147217
 2105.940056      89.256260     195.699301     -21.559570
 2115.310006      92.463673     192.974402     -29.931152
 2124.659966      95.709148     190.224959     -38.257568
 2133.980082      99.084721     187.427481     -46.482178
 2143.290009     102.656704     184.524611     -54.574707
 2152.639927     106.115254     181.581160     -62.747559
 2161.989943     109.676151     178.510733     -70.829346
 2171.289919     113.279614     175.418921     -78.825928
 2180.640011     116.846592     172.301764     -86.887207
 2188.620040     119.867909     169.684615     -93.793945
 2197.990022     123.024426     166.725630    -102.105225
 2207.329992     126.167500     163.894599    -110.432373
 2216.680051     129.714893     160.862700    -118.534668
 2226.019915     133.620457     157.683074    -126.400391
 2235.370093     137.795849     154.281348    -134.043701
 2244.709949     142.359631     150.823523    -141.422607
 2254.059998     147.277966     147.328246    -148.565186
 2263.450010     152.471981     143.751815    -155.522461
 2272.779943     158.027340     140.260192    -162.155273
 2282.129972     163.967449     136.775153    -168.479248
 2291.479964     170.196880     133.276503    -174.510498
 2300.829929     176.865780     129.782668    -180.054932
 2310.140002     183.868771     126.268187    -185.083252
 2319.490033     191.133999     122.610976    -189.694580
 2328.829974     198.630184     118.725325    -193.687500
 2338.189995     206.334377     114.625487    -197.070801
 2347.530001     213.762951     109.949279    -200.262207
 2356.879969     221.283596     105.222441    -203.180908
 2366.229983     228.791088     100.296569    -205.787842
 2375.550027     236.323956      95.248046    -207.939941
 2384.899978     243.959957      90.141982    -209.683838
 2394.250012     251.641445      84.980239    -211.015869
 2403.559999     259.295239      79.784590    -212.064941
 2412.899999     267.023602      74.616759    -212.960205
 2422.249990     274.828976      69.544005    -213.835205
 2431.619984     282.773647      64.641097    -214.635498
 2440.969999     290.853481      59.994979    -215.378906
 2446.699987     295.868832      57.252562    -215.776611
 2450.290007     299.035244      55.576033    -216.003174
 2459.599993     307.332699      51.353728    -215.988525
 2488.890013     333.379818      37.978820    -215.237061
 2516.850006     357.873348      24.502257    -214.778320
 2544.879997     382.307858      10.767806    -214.778320
 2572.890009     406.843380      -2.737458    -215.198730
 2600.929992     431.315121     -16.425477    -215.311279
 2628.960003     455.785397     -30.095826    -215.404297
 2657.009994     480.339138     -43.655824    -215.609863
 2685.019985     505.206783     -56.545991    -215.668457
 2713.009979     530.198025     -69.148103    -215.414551
 2741.089977     555.276638     -81.766816    -214.851074
 2769.069978     580.339748     -94.191926    -214.270020
 2797.069982     605.621609    -106.207460    -213.595703
 2825.080017     630.893948    -118.283418    -213.390381
 2853.129987     656.175625    -130.428926    -213.037842
 2881.120023     681.503323    -142.341829    -213.218506
 2909.069978     706.703396    -154.426515    -213.560059
 2937.100017     731.971218    -166.549073    -214.073730
 2965.119993     757.537014    -178.011995    -214.406250
 2993.159975     783.183437    -189.339479    -214.841797
 3021.139978     808.728176    -200.755494    -214.988281
 3049.099983     834.105007    -212.492006    -214.807617
 3077.149997     859.665066    -224.043550    -214.587402
 3105.189985     885.366055    -235.240022    -214.005127
 3133.240005     911.173061    -246.194459    -213.109375
 3161.269987     936.735806    -257.672120    -212.409912
 3189.269977     962.236172    -269.202089    -213.299072
 3217.279983     987.886562    -280.440492    -213.861328
 3245.329996    1013.244351    -292.410829    -214.566162
 3273.360056    1038.406826    -304.759584    -214.771729
 3301.420004    1063.620083    -317.073243    -214.610107
 3329.429994    1088.767300    -329.409059    -214.678467
 3357.399967    1114.238613    -340.963380    -214.507568
 3385.379997    1139.769497    -352.410646    -214.634521
 3413.410007    1165.447476    -363.634401    -214.042725
 3441.450037    1191.261684    -374.549379    -213.186523
 3469.530020    1217.171230    -385.276185    -211.731689
 3497.560037    1243.011929    -396.043214    -210.313477
 3525.570017    1268.653042    -407.288209    -209.511963
 3553.610052    1293.874477    -419.540529    -209.453125
 3581.630012    1318.825771    -432.264833    -210.255127
 3609.640001    1343.854580    -444.831117    -210.709717
 3637.699983    1369.022427    -457.237062    -210.895752
 3665.680040    1394.403530    -469.013185    -210.973877
 3693.679983    1419.481533    -481.456544    -211.477295
 3721.429952    1444.222378    -494.019166    -211.114014
 3749.759979    1469.545620    -506.716676    -210.802490
 3777.780061    1494.625820    -519.210267    -210.665527
 3805.820024    1519.890102    -531.369142    -210.322998
 3833.850038    1545.279873    -543.240968    -210.005127
 3859.999977    1569.075283    -554.085206    -209.991455
 3882.999958    1590.004360    -563.623170    -209.979492
