  single point
     ne_sw_p32    1.0000000000000000E-03     1.000000         0.000000    
     nw_se_p32    1.0000000000000000E-03     1.000000         0.000000    
    regional_d     2.000000000000000         1.000000         0.000000    
  regional_min     300.0000000000000         1.000000         0.000000    
    regional_x     250.0000000000000         1.000000         0.000000    
  regional_max     1000.000000000000         1.000000         0.000000    
   nne_ssw_p32    5.0000000000000001E-03     1.000000         0.000000    
     nne_ssw_d     2.000000000000000         1.000000         0.000000    
     nne_ssw_x     100.0000000000000         1.000000         0.000000    
   nne_ssw_min     200.0000000000000         1.000000         0.000000    
