# WELL TRACE FROM FRACMAN
# WELL NAME:              Well B
# WELL HEAD X-COORDINATE: 0.930155195 (m)
# WELL HEAD Y-COORDINATE: -0.0226229634 (m)
# WELL DATUM (KB, Kelly bushing, from MSL): 910.8 (m)
# WELL TYPE:              UNDEFINED
# MD AND TVD ARE REFERENCED (=0) AT WELL DATUM AND INCREASE DOWNWARDS
# XYZ TRACE IS GIVEN IN COORDINATE SYSTEM <Undefined>
# DEPTH (Z, tvd_z) GIVEN IN m-UNITS
# MD IS NOT EXACT (TRACE WAS NOT IMPORTED WITH MD-DATA)
#======================================================================================================================================
      MD              X              Y             Z           
#======================================================================================================================================
    0.000000       0.930155      -0.022623     910.800000
   11.650000       0.930155      -0.022623     899.150000
   40.199999       0.948776       0.028929     870.600053
   68.999996       0.838376       0.022564     841.800267
   97.599998       0.763528      -0.035683     813.200421
  125.700003       0.929352      -0.109374     785.101003
  153.599997       1.076736      -0.258102     757.201794
  163.000007       1.134890      -0.372088     747.802655
  172.300000       1.178444      -0.546903     738.504407
  181.699993       1.145341      -0.792384     729.107678
  190.999997       1.104079      -1.156794     719.814908
  200.299998       1.014743      -1.603880     710.526089
  209.599997       0.892685      -2.135106     701.242078
  237.600000       0.406849      -4.072163     673.313382
  265.600002      -0.476158      -5.847079     645.383649
  293.599985      -1.054772      -7.620495     617.445874
  321.600006      -1.971655      -9.289678     589.510693
  349.599993      -2.752909     -11.058509     561.577557
  377.599985      -3.633490     -12.641901     533.636243
  405.599998      -4.494285     -14.230593     505.694592
  409.489987      -4.614351     -14.451819     501.812756
  409.639988      -4.618961     -14.460332     501.663068
  434.699986      -5.381165     -15.871763     476.654462
  463.800005      -6.076003     -17.528765     447.609967
  492.999994      -6.942607     -19.167568     418.468884
  521.900009      -7.645455     -20.824181     389.624951
  550.999991      -8.572849     -22.427887     360.583997
  555.000014      -8.691669     -22.654686     356.592175
  570.000023      -9.323754     -23.556391     341.632642
  585.099978     -10.147702     -24.514318     326.585645
  589.640020     -10.415686     -24.805443     322.062878
  614.000003     -12.436351     -26.456983     297.843091
  642.900001     -14.893432     -28.315933     269.107800
  671.800008     -17.145370     -30.668339     240.391858
  701.099981     -19.401111     -33.009127     211.272778
  730.100009     -21.656351     -35.360048     182.456311
  759.299977     -23.484098     -37.322813     153.379773
  788.599979     -25.388380     -39.224440     124.203625
  817.799977     -27.205627     -41.013365      95.115186
  846.700027     -28.885768     -42.808176      66.319897
  868.269998     -30.108987     -44.089098      44.822766
  869.249978     -30.164476     -44.147142      43.846082
  875.899979     -30.538227     -44.535662      37.217969
  904.800008     -32.771753     -46.679781       8.484265
  933.699994     -35.117158     -48.953432     -20.230518
  962.599982     -37.322355     -51.176401     -48.960376
  991.599971     -39.604387     -53.508364     -77.776233
 1020.499976     -41.842363     -55.669554    -106.508289
 1049.399943     -43.840147     -57.681333    -135.268848
 1078.300046     -45.665155     -59.581114    -164.048633
 1107.199973     -47.493169     -61.567671    -192.822192
 1136.099944     -49.227972     -63.365995    -221.613940
 1165.099976     -50.929876     -65.081621    -250.513110
 1194.400012     -52.624796     -66.810602    -279.712939
 1207.409943     -53.338747     -67.559015    -292.681689
 1209.910028     -53.474344     -67.701952    -295.173999
 1223.299986     -54.160341     -68.447710    -308.525562
 1245.969959     -55.104330     -69.454363    -331.153491
 1247.010052     -55.147165     -69.499994    -332.191699
 1252.300054     -55.353071     -69.718042    -337.473193
 1281.500041     -56.595071     -71.446466    -366.595508
 1309.019964     -58.273618     -73.179804    -394.009448
 1309.169956     -58.282777     -73.189249    -394.158862
 1310.700014     -58.377737     -73.285883    -395.682910
 1339.600021     -60.627287     -74.969988    -424.445972
 1368.599958     -63.005575     -76.647684    -453.299487
 1397.000032     -65.256795     -78.723596    -481.533984
 1397.500027     -65.296415     -78.760286    -482.031055
 1401.620008     -65.631635     -79.060434    -486.126392
 1426.400009     -67.966024     -80.787790    -510.735645
 1455.299972     -70.676717     -82.481615    -539.458301
 1457.530035     -70.884931     -82.610918    -541.674854
 1459.999963     -71.114179     -82.752283    -544.130054
 1476.289993     -72.570501     -83.607042    -560.332324
 1478.100061     -72.731748     -83.701120    -562.132739
 1483.670055     -73.221082     -83.981249    -567.674121
 1484.299988     -73.276357     -84.012827    -568.300830
 1507.250033     -75.377782     -85.003473    -591.132983
 1513.200014     -75.928625     -85.249643    -597.052295
 1542.100060     -78.621221     -86.456354    -625.801318
 1570.999983     -81.592237     -87.814081    -654.516040
 1599.899964     -83.969808     -88.813524    -683.300708
 1628.799973     -86.663900     -89.499239    -712.066699
 1657.700001     -89.134161     -90.274790    -740.850513
 1686.600008     -92.010374     -90.997774    -769.597949
 1708.799992     -94.305715     -91.338770    -791.676318
 1712.269997     -94.667051     -91.386850    -795.127124
 1715.599946     -95.015585     -91.428163    -798.438525
 1744.500005     -98.083875     -91.708483    -827.173877
 1757.839952     -99.507726     -91.751734    -840.437549
 1773.399983    -101.181478     -91.685091    -855.907153
 1802.299987    -104.332334     -90.556925    -884.612720
 1831.300029    -106.812978     -89.419100    -913.484058
 1845.240010    -107.998663     -88.880747    -927.363086
 1847.019981    -108.149816     -88.812212    -929.135303
 1859.080037    -109.167821     -88.354700    -941.143604
 1860.199956    -109.262373     -88.312242    -942.258716
 1860.939972    -109.324918     -88.283724    -942.995532
 1889.199943    -111.792760     -86.521479    -971.092334
 1911.350004    -113.749097     -85.178438    -993.114917
 1911.419987    -113.755277     -85.174196    -993.184497
 1918.199974    -114.356458     -84.766550    -999.925464
 1920.350001    -114.549375     -84.639345   -1002.063037
 1920.399974    -114.553861     -84.636385   -1002.112720
 1927.090000    -115.176305     -84.260454   -1008.763110
 1927.439980    -115.208959     -84.240824   -1009.111011
 1933.479984    -115.790372     -83.918276   -1015.114307
 1938.369983    -116.273336     -83.667398   -1019.973926
 1947.399945    -117.205404     -83.240076   -1028.945483
 1976.599982    -120.505636     -82.551226   -1057.950244
 2005.599982    -123.369512     -81.953455   -1086.802295
 2034.899962    -125.934682     -81.420832   -1115.984912
 2064.100102    -128.818349     -80.927919   -1145.038135
 2092.999958    -132.261144     -80.259958   -1173.724414
 2121.900092    -135.866369     -79.220049   -1202.379932
 2150.800118    -139.118551     -78.239397   -1231.079639
 2179.699976    -141.944646     -77.543672   -1259.832568
 2187.029942    -142.659704     -77.382006   -1267.125781
 2188.600043    -142.812749     -77.348078   -1268.688037
 2195.070022    -143.442403     -77.219744   -1275.126025
 2197.470030    -143.675848     -77.173693   -1277.514209
 2208.699932    -144.764593     -76.992868   -1288.689746
 2237.499943    -148.082525     -76.374330   -1317.291309
 2266.400055    -150.992162     -75.640238   -1346.035205
 2285.580095    -152.758382     -75.180834   -1365.128223
 2291.600070    -153.297186     -75.039179   -1371.122363
 2295.399948    -153.630743     -74.950861   -1374.906543
 2318.729903    -156.052236     -74.662111   -1398.108691
 2319.479890    -156.130392     -74.653108   -1398.854541
 2324.300075    -156.648824     -74.606020   -1403.646533
 2333.200098    -157.733923     -74.557886   -1412.480029
 2333.829889    -157.811391     -74.554666   -1413.105029
 2353.199938    -160.793569     -74.640047   -1432.243945
 2359.089951    -161.667944     -74.662638   -1438.068652
 2360.759936    -161.913274     -74.668764   -1439.720508
 2382.399960    -164.655264     -74.702745   -1461.186084
 2411.300033    -167.610540     -74.655291   -1489.934619
 2440.199937    -170.612188     -74.496927   -1518.677783
 2450.709893    -171.772451     -74.380709   -1529.122852
 2454.150043    -172.159948     -74.336351   -1532.540820
 2456.750090    -172.456930     -74.299257   -1535.123584
 2460.060074    -172.841756     -74.246202   -1538.410693
 2469.199937    -173.956838     -74.055399   -1547.480273
 2498.100080    -177.892843     -72.733850   -1576.080615
 2516.289992    -180.338338     -71.876970   -1594.085010
 2518.220077    -180.597692     -71.785692   -1595.995410
 2525.379970    -181.554479     -71.443117   -1603.082813
 2527.599904    -181.850622     -71.336557   -1605.280322
 2530.039955    -182.174764     -71.218195   -1607.695850
 2555.900038    -185.458150     -69.822451   -1633.308643
 2584.799930    -189.112798     -67.679140   -1661.896289
 2599.140056    -190.888143     -66.328157   -1676.061816
 2603.859898    -191.467840     -65.852671   -1680.721729
 2613.800079    -192.669653     -64.713396   -1690.522998
 2642.699995    -195.036413     -59.476488   -1718.845752
 2643.830070    -195.128561     -59.272394   -1719.953418
 2648.449989    -195.499471     -58.447477   -1724.483936
 2671.699943    -197.212331     -54.554716   -1747.341602
 2700.599977    -199.244756     -50.212023   -1775.841113
 2729.499894    -201.139211     -46.140081   -1804.389941
 2758.500045    -202.966528     -42.119234   -1833.051807
 2787.399936    -204.765508     -38.189913   -1861.626758
 2816.299939    -206.484289     -34.459864   -1890.233447
 2837.349923    -207.711477     -31.880052   -1911.088672
 2842.390114    -208.003851     -31.270361   -1916.083301
 2842.480038    -208.009069     -31.259487   -1916.172412
 2845.200109    -208.166402     -30.932852   -1918.868213
 2845.950034    -208.209753     -30.842211   -1919.611377
 2874.099895    -209.816320     -26.601751   -1947.393604
 2902.999910    -211.497213     -21.391390   -1975.770313
 2931.900029    -213.072713     -16.282862   -2004.171680
 2961.000013    -214.712499     -11.202963   -2032.777881
 2989.900090    -216.358144      -4.939021   -2060.942920
 3018.800088    -217.606420       2.213240   -2088.916064
 3047.699977    -218.825536       9.256536   -2116.918018
 3076.600108    -220.008047      16.345732   -2144.910205
 3085.260016    -220.363165      18.452061   -2153.302539
 3085.730100    -220.382436      18.566374   -2153.758105
 3089.849988    -220.551565      19.564179   -2157.751758
 3096.700060    -220.833318      21.212515   -2164.394580
 3105.499916    -221.196294      23.311752   -2172.932666
 3134.399933    -222.518911      30.311520   -2200.940967
 3149.410108    -223.172903      33.906656   -2215.499561
 3149.669884    -223.184225      33.968905   -2215.751514
 3151.729895    -223.273199      34.461413   -2217.749805
 3161.060098    -223.663122      36.675009   -2226.805225
 3162.999884    -223.743673      37.134680   -2228.688037
 3175.000005    -224.224691      39.939894   -2240.345752
 3190.120027    -224.803564      43.413992   -2255.049854
 3199.750064    -225.156667      45.630850   -2264.414600
 3209.419990    -225.519765      48.034540   -2273.773975
 3211.999883    -225.612676      48.693163   -2276.266650
 3219.060053    -225.837087      50.623827   -2283.054004
 3228.709962    -225.957708      53.431334   -2292.285693
 3238.359982    -225.991872      56.310457   -2301.496143
 3248.030095    -225.991872      59.071451   -2310.763721
 3257.669903    -226.016866      61.825346   -2320.001758
 3267.299922    -226.241079      64.630362   -2329.211475
 3276.979912    -226.624502      67.496344   -2338.449512
 3286.619918    -227.106405      70.549284   -2347.580615
 3296.300051    -227.632436      73.923872   -2356.638232
 3305.930027    -228.128118      77.519110   -2365.558154
 3315.590062    -228.550314      81.361799   -2374.410937
 3325.230059    -228.925222      85.418524   -2383.147754
 3334.869952    -229.225683      89.589682   -2391.833301
 3344.520108    -229.535085      93.763060   -2400.528857
 3354.149996    -229.865926      98.173384   -2409.083057
 3363.770016    -230.140524     102.906927   -2417.453418
 3373.400024    -230.307470     108.020140   -2425.612109
 3383.040084    -230.362005     113.600012   -2433.472949
 3392.670013    -230.181799     119.431509   -2441.134326
 3402.320008    -229.892141     125.551100   -2448.590137
 3411.989998    -229.586797     131.931082   -2455.850391
 3421.570039    -229.269186     138.448324   -2462.864795
 3431.230072    -229.059240     145.128668   -2469.839404
 3440.880017    -228.675634     151.822302   -2476.779834
 3450.529992    -228.030050     158.703207   -2483.514697
 3460.179980    -227.310491     165.886877   -2489.917773
 3469.800053    -226.610967     173.356695   -2495.939258
 3479.419953    -225.918600     180.994040   -2501.747363
 3489.050016    -225.330175     188.875006   -2507.250293
 3498.700048    -224.951711     197.021185   -2512.409717
 3508.339964    -224.653600     205.390280   -2517.184375
 3517.979982    -224.345480     213.915243   -2521.674365
 3527.649974    -224.017828     222.683798   -2525.738086
 3537.289956    -223.672720     231.626516   -2529.321094
 3546.939969    -223.433736     240.753149   -2532.446826
 3556.579999    -223.197210     250.033239   -2535.045703
 3566.229975    -223.040762     259.467550   -2537.068408
 3571.710023    -222.952230     264.863608   -2538.020068
 3575.909995    -222.884786     269.018087   -2538.632861
 3585.559999    -222.474310     278.611593   -2539.591357
 3595.100007    -221.989233     288.121542   -2540.172168
 3604.690016    -221.342138     297.687368   -2540.383105
 3614.349991    -220.675115     307.322928   -2540.544971
 3623.999991    -219.983556     316.947195   -2540.411914
 3624.070002    -219.978536     317.017019   -2540.410937
 3633.739990    -219.339513     326.663412   -2540.193164
 3643.379998    -218.726125     336.279013   -2539.887012
 3672.299998    -216.774725     365.125754   -2539.235889
 3701.240002    -214.707052     393.971182   -2538.145068
 3730.179995    -213.505315     422.884878   -2537.867236
 3759.150000    -211.308050     451.770498   -2537.634570
 3788.099995    -207.364065     480.450583   -2537.634570
 3817.150006    -202.790075     509.135153   -2537.213672
 3846.100012    -197.863073     537.659506   -2536.779102
 3875.049969    -195.075842     566.447958   -2535.531543
 3904.020030    -193.535894     595.349447   -2534.267871
 3933.039978    -192.306005     624.331137   -2533.427295
 3961.980015    -192.396902     653.265890   -2532.881885
 3991.010018    -193.253042     682.282919   -2533.023730
 4019.950016    -193.818700     711.216330   -2532.776172
 4048.900012    -195.060583     740.123068   -2531.796191
 4077.830027    -196.755270     768.988302   -2530.862354
 4106.789980    -198.324041     797.861349   -2529.260791
 4135.749987    -200.398840     826.735617   -2528.452197
 4162.840024    -202.076147     853.772238   -2528.173145
 4191.739985    -203.512991     882.634420   -2528.516162
 4220.670008    -204.643728     911.542196   -2528.425342
 4249.649991    -205.751043     940.498190   -2528.829883
 4278.550024    -206.900747     969.374838   -2529.001270
 4307.380007    -208.560201     998.154989   -2529.343311
 4336.310011    -209.846395    1027.035238   -2528.237842
 4365.250039    -211.255025    1055.940146   -2528.455127
 4394.170033    -212.667699    1084.824423   -2528.717578
 4423.150055    -212.854711    1113.782675   -2527.610156
 4452.090006    -212.975927    1142.722372   -2527.610156
 4481.040036    -212.602132    1171.662191   -2526.938281
 4510.009945    -212.106664    1200.627157   -2526.736133
 4538.959942    -211.980352    1229.576864   -2526.766406
 4567.969956    -211.828466    1258.585287   -2527.029590
 4596.950047    -211.398565    1287.561483   -2526.827197
 4625.869969    -211.105840    1316.476889   -2527.246143
 4654.799994    -210.535329    1345.400473   -2527.029102
 4683.570000    -210.480093    1374.170004   -2527.184863
 4712.519976    -210.869024    1403.109213   -2527.871875
 4741.329962    -210.813726    1431.909140   -2527.112598
 4770.209984    -210.335729    1460.735556   -2525.419971
 4799.150050    -210.305425    1489.673910   -2525.106738
 4827.819996    -210.000204    1518.341635   -2524.921680
 4856.540032    -209.313650    1547.048910   -2524.410449
 4885.470040    -208.622045    1575.967611   -2523.991260
 4914.290013    -208.360525    1604.782919   -2524.439014
 4943.129979    -208.093771    1633.620321   -2524.715869
 4972.119957    -207.830663    1662.609091   -2524.746143
 5001.040059    -207.553106    1691.523275   -2525.261035
 5030.029967    -207.102819    1720.508871   -2525.478564
 5058.970006    -206.431127    1749.439779   -2525.200732
 5087.919997    -205.718771    1778.380941   -2525.140186
 5116.850049    -204.900915    1807.299154   -2525.013965
 5145.739972    -204.048894    1836.176474   -2525.059375
 5174.720053    -203.593786    1865.147543   -2525.620654
 5203.660031    -203.417028    1894.083944   -2526.039844
 5232.610003    -203.957632    1923.028524   -2526.181201
 5261.519946    -203.644826    1951.934164   -2525.792773
 5290.459990    -203.569067    1980.874106   -2525.777637
 5319.340016    -203.473318    2009.747641   -2525.172900
 5348.339953    -203.093755    2038.742270   -2524.768115
 5377.190058    -202.092229    2067.566488   -2524.068164
 5406.160035    -201.126745    2096.518149   -2523.709277
 5435.179934    -199.972250    2125.514975   -2523.633350
 5464.210013    -200.134374    2154.543783   -2523.851123
 5493.070103    -199.746542    2183.401205   -2523.790576
 5506.019988    -199.805303    2196.350912   -2523.824512
 5522.009931    -199.866705    2212.340658   -2523.774219
 5550.970050    -199.401769    2241.293783   -2523.339648
 5579.909965    -200.351171    2270.217611   -2523.168018
 5608.920042    -201.469823    2299.204916   -2522.904834
 5637.890029    -202.804174    2328.143881   -2522.778369
 5666.820007    -204.383779    2357.030356   -2522.637012
 5695.799898    -205.930349    2385.960775   -2521.949268
 5724.830078    -208.010915    2414.915365   -2521.716113
 5753.779891    -210.986547    2443.709799   -2522.059619
 5782.820068    -214.051794    2472.582846   -2522.591846
 5811.750017    -216.140264    2501.436117   -2522.329395
 5840.680114    -218.082647    2530.299399   -2522.031543
 5869.470096    -220.200796    2559.005941   -2521.473926
 5898.490022    -222.800314    2587.905111   -2520.987598
 5927.409959    -224.806722    2616.742758   -2520.134814
 5956.360069    -226.260900    2645.648275   -2519.452686
 5985.309991    -227.397420    2674.574545   -2519.174854
 6014.280044    -228.413274    2703.520102   -2518.553027
 6043.210067    -229.336828    2732.426108   -2517.820850
 6068.000038    -230.119512    2757.193686   -2517.115771
 6088.999967    -230.782537    2778.174643   -2516.518359
